scale = 118.10262889543543 (A)
C = 71.64715040406911 (1/cm)
I_inc = 1.6919315603248812 (1/cm)
R_1 = 33.399247081124756 (A)
R_2 = 55.45426879082895 (A)
sigma_1 = 15.882077792947236 (A)
sigma_2 = 23.378506863645477 (A)
rc = 0.37482461120324606
lv_0 = 0.15902700301495748
lv_1 = 0.14598718782632927
lv_2 = 0.4

Predictions: 
--- eta = 0.2249 +- 0.0004 
--- kappa = 21.8206 +- 1.4298 (A)
--- lnA = 1.2653 +- 0.1584