scale = 105.46647505517477 (A)
C = 50.95672603558867 (1/cm)
I_inc = 0.9135653283048962 (1/cm)
R_1 = 32.96598436640552 (A)
R_2 = 83.33333333310065 (A)
sigma_1 = 20.637484524795003 (A)
sigma_2 = 33.33333333331037 (A)
rc = 0.8193243168562189
lv_0 = 0.10638340975043184
lv_1 = 0.12816919607004076
lv_2 = 0.4

Predictions: 
--- eta = 0.2330 +- 0.0005 
--- kappa = 16.3797 +- 1.7154 (A)
--- lnA = 1.3023 +- 0.1632