scale = 93.18439105918966 (A)
C = 38.420025022800395 (1/cm)
I_inc = 0.622589191117409 (1/cm)
R_1 = 25.46182862524313 (A)
R_2 = 49.61618858446192 (A)
sigma_1 = 12.655116222758885 (A)
sigma_2 = 21.157385100279882 (A)
rc = 0.4982877305102296
lv_0 = 0.18951954705289167
lv_1 = 0.03466994207350981
lv_2 = 0.4

Predictions: 
--- eta = 0.2150 +- 0.0005 
--- kappa = 10.8165 +- 1.8842 (A)
--- lnA = 1.8215 +- 0.1859