scale = 180.2627053118479 (A)
C = 71.64715040406911 (1/cm)
I_inc = 1.6919315603248812 (1/cm)
R_1 = 50.978023863913165 (A)
R_2 = 84.64110076817734 (A)
sigma_1 = 24.241173424383796 (A)
sigma_2 = 35.683142134994554 (A)
rc = 0.37482461120324606
lv_0 = 0.15902700301495748
lv_1 = 0.14598718782632927
lv_2 = 0.4

Predictions: 
--- eta = 0.2249 +- 0.0004 
--- kappa = 33.3053 +- 2.1824 (A)
--- lnA = 1.2653 +- 0.1584