<<<<<<< HEAD
scale = 128.4079412424058 (A)
C = 39.55917999443717 (1/cm)
I_inc = 0.4900992445126868 (1/cm)
R_1 = 30.905066370092534 (A)
R_2 = 71.92705133755439 (A)
sigma_1 = 17.810473941338287 (A)
sigma_2 = 27.382919153312148 (A)
rc = 0.47573446380233814
lv_0 = 0.2419603991926247
lv_1 = -0.2427748346060204
lv_2 = 0.5000000001000096

Predictions: 
--- eta = 0.2073 +- 0.0008 
--- kappa = 11.7817 +- 5.9554 (A)
=======
scale = 128.4079412424058 (A)
C = 39.55917999443717 (1/cm)
I_inc = 0.4900992445126868 (1/cm)
R_1 = 30.905066370092534 (A)
R_2 = 71.92705133755439 (A)
sigma_1 = 17.810473941338287 (A)
sigma_2 = 27.382919153312148 (A)
rc = 0.47573446380233814
lv_0 = 0.2419603991926247
lv_1 = -0.2427748346060204
lv_2 = 0.5000000001000096

Predictions: 
--- eta = 0.2073 +- 0.0008 
--- kappa = 11.7817 +- 5.9554 (A)
>>>>>>> c2f4969543f4033b9713803ab208cc2d48d13dfd
--- lnA = 3.0465 +- 0.3641