scale = 151.8717240794517 (A)
C = 50.95672603558867 (1/cm)
I_inc = 0.9135653283048962 (1/cm)
R_1 = 47.47101748762396 (A)
R_2 = 119.99999999966496 (A)
sigma_1 = 29.717977715704812 (A)
sigma_2 = 47.999999999966946 (A)
rc = 0.8193243168562189
lv_0 = 0.10638340975043184
lv_1 = 0.12816919607004076
lv_2 = 0.4

Predictions: 
--- eta = 0.2330 +- 0.0005 
--- kappa = 23.5867 +- 2.4702 (A)
--- lnA = 1.3023 +- 0.1632