scale = 129.3224566076581 (A)
C = 38.420025022800395 (1/cm)
I_inc = 0.622589191117409 (1/cm)
R_1 = 35.33624236969141 (A)
R_2 = 68.85796346703364 (A)
sigma_1 = 17.562927653227483 (A)
sigma_2 = 29.362482122402895 (A)
rc = 0.4982877305102296
lv_0 = 0.18951954705289167
lv_1 = 0.03466994207350981
lv_2 = 0.4

Predictions: 
--- eta = 0.2150 +- 0.0005 
--- kappa = 15.0112 +- 2.6149 (A)
--- lnA = 1.8215 +- 0.1859