scale = 167.3760475036014 (A)
C = 49.49436582888096 (1/cm)
I_inc = 1.5948475079523554 (1/cm)
R_1 = 44.72276162249184 (A)
R_2 = 62.09789631958717 (A)
sigma_1 = 19.019795482410597 (A)
sigma_2 = 11.474175786203382 (A)
rc = 0.042067057509089845
lv_0 = 0.18291807482344435
lv_1 = -0.001367017382923644
lv_2 = 0.6581584066152418

Predictions: 
--- eta = 0.2470 +- 0.0004 
--- kappa = 38.8653 +- 2.1251 (A)
--- lnA = 0.5017 +- 0.1587