<<<<<<< HEAD
scale = 154.7403279329691 (A)
C = 47.108578871673416 (1/cm)
I_inc = 0.4467399731488675 (1/cm)
R_1 = 37.15461824430346 (A)
R_2 = 82.22070421938305 (A)
sigma_1 = 19.067947823123195 (A)
sigma_2 = 31.558876461906575 (A)
rc = 0.4279582916854738
lv_0 = 0.21570112386452295
lv_1 = 0.10221625538802688
lv_2 = 0.5000000001

Predictions: 
--- eta = 0.2255 +- 0.0005 
--- kappa = 32.0522 +- 2.7066 (A)
=======
scale = 154.7403279329691 (A)
C = 47.108578871673416 (1/cm)
I_inc = 0.4467399731488675 (1/cm)
R_1 = 37.15461824430346 (A)
R_2 = 82.22070421938305 (A)
sigma_1 = 19.067947823123195 (A)
sigma_2 = 31.558876461906575 (A)
rc = 0.4279582916854738
lv_0 = 0.21570112386452295
lv_1 = 0.10221625538802688
lv_2 = 0.5000000001

Predictions: 
--- eta = 0.2255 +- 0.0005 
--- kappa = 32.0522 +- 2.7066 (A)
>>>>>>> c2f4969543f4033b9713803ab208cc2d48d13dfd
--- lnA = 0.8672 +- 0.1703